seed
38907
58306
9467
85263
78675
11934
60645
8096
39077
61947
28569
55112
3015
98752
10261
78721
16658
82126
13114
6998
90749
63380
55329
34209
82607
81951
56849
61961
83088
45883
8649
22548
52724
58389
54009
86901
81630
77659
1902
43540
10962
80512
73990
47268
35951
28664
61563
24587
13024
5530
73965
65142
13420
87212
18812
59677
6008
75605
44960
83401
99141
77816
72617
94273
57117
49514
86005
86959
40253
33125
1727
31492
35549
45450
69947
19012
69770
47588
8038
24668
31361
61920
50339
43420
9990
22617
13316
96671
61817
49568
60891
21915
2014
69617
50566
16555
71981
50120
48615
89112
45356
95787
25947
92438
95946
47531
64285
14144
47337
56957
61126
22102
71488
28468
10041
81786
66835
1337
28587
92463
17792
82083
87798
8313
85131
95821
86517
79822
49259
45643
12570
11450
7954
42420
38885
32388
33806
5025
84054
29898
45768
45230
47233
99500
82887
68035
33851
23329
83497
11804
52483
75066
70486
90328
1947
82967
66874
30091
43635
81619
26014
19565
83776
40850
10962
43607
53396
54627
11428
21388
35314
22005
91366
49128
40018
5380
84291
79369
66900
4168
95140
26968
51104
79294
16386
5557
90038
45320
12929
54778
85237
84928
28165
11934
38446
21280
40448
89335
58704
3271
4937
38662
68375
70620
21033
78134
24846
12841
94601
80155
472
80824
61415
24673
91677
50933
6551
26354
24911
24978
38286
1577
6437
83867
18093
54713
20161
15038
41405
98024
14208
54208
82768
81616
87034
3717
10051
84537
67639
49282
31955
24612
54537
97108
1679
37875
3866
48585
88964
21839
57058
6693
60423
77822
57646
62494
85770
23244
58917
31422
32832
8031
43439
70561
61826
20328
32545
41760
22061
72864
72646
73769
9428
59240
18882
64569
18289
74174
85962
8261
48059
71007
92227
61261
46736
33154
81427
8863
69741
35476
27906
68988
86230
88317
53890
48904
20524
32474
84347
26870
84017
18480
92071
61482
54151
82689
77653
71420
81483
20260
46104
2386
43307
12551
93056
86545
92136
5940
28115
18244
52533
91474
51281
20744
16791
67416
31048
50432
11978
92264
84915
10017
92377
3247
80846
43782
25406
88486
44996
57753
26942
13434
38168
75272
58702
84455
57913
48798
50744
85807
43472
38830
9115
93305
66372
47439
11571
88062
57600
38741
24421
10188
67948
94273
79307
10112
75279
1452
31597
62681
66754
35483
3302
88656
47172
28190
67293
3555
41214
61918
33293
36154
80495
19604
42683
74536
43771
94809
17700
14079
68713
26030
65086
93912
16066
66405
20571
39856
52574
60575
6915
27605
93591
13338
65623
30495
68043
67324
82117
1164
77768
93621
55149
8646
24622
27479
65202
79193
23447
49216
94175
50283
41282
66507
61313
60937
3006
32808
2651
72215
73146
5832
11853
22442
60925
50669
23980
53678
66286
45679
76944
40397
12917
39061
19557
58648
33151
54549
85525
70196
1378
56492
93265
72063
92753
26409
15750
75288
88120
69644
79708
58527
52029
9528
75117
65566
67438
40017
6562
36648
77556
37960
12460
91288
55598
94662
6157
34171
2552
5371
27655
7635
81565
51316
95765
9791
98719
91921
80596
92523
15274
17193
61539
64277
82250
90134
20999
62656
482
27257
59385
20798
65951
12124
3677
74211
3875
38886
50396
89380
2320
62291
78942
52929
17777
37781
25070
53683
18628
87613
15386
79333
39829
25438
88989
6466
47240
77881
47370
66674
10847
61948
44340
91127
9661
77637
68925
80747
30343
57109
79970
76719
22474
73681
25315
63115
16356
58275
79567
32132
89850
61615
54907
18920
89892
48294
93556
20502
73474
1596
21783
79191
77366
61557
24463
80680
23142
39524
32328
84627
87827
7595
35133
98759
1332
44214
18817
70268
35103
45351
3997
91161
62930
9446
53704
17284
39747
38603
91757
86690
69400
34758
22313
58202
51062
32673
54115
79101
44076
60227
88954
29307
41974
57688
86234
48730
86682
44644
52784
36497
22561
95156
73304
88343
92886
74718
71347
8923
68166
4775
19395
91636
3701
1436
21495
88444
78950
14161
67452
84708
77232
34703
21584
51800
2155
45846
55081
7718
84145
45417
22714
56093
65574
92539
6531
72758
41099
20268
88611
90215
30903
48262
64841
23180
48291
97263
62135
62961
20688
85594
32246
34342
6746
13981
25481
57073
96031
8034
4654
31459
86379
5615
95557
44104
36139
80623
3801
72400
53750
68437
86958
87129
67119
25371
67978
23953
89003
79450
76027
1108
11586
98957
43589
10002
11731
13784
30632
47093
18808
85514
65536
98188
49922
97125
71009
48736
42385
51871
71806
86680
47925
76307
82611
55028
2512
77447
50386
92082
92162
97244
85173
96161
56310
88280
75901
84696
1870
11514
83137
42192
19922
98094
68217
4186
87192
56004
35758
64418
45656
79192
37872
43899
53532
8902
42958
89390
42917
64088
95946
25939
77893
73202
5441
8745
46748
2852
72112
28529
96170
21140
78543
55782
48665
36901
93004
53012
48271
27559
95945
52004
49912
53600
94709
51013
73571
23748
38243
19258
16574
72235
25354
74746
32040
36155
20992
73482
15661
46507
8920
68305
2189
25890
13993
98604
33822
18758
37502
81198
24004
74020
67912
17387
71610
94691
56676
30074
69903
61065
32501
97376
45161
14429
21414
71217
26210
95391
95204
77576
73964
22434
38307
39603
83955
51575
84811
51030
93314
29423
20769
79110
92458
25261
83091
1400
29974
58894
70649
46556
81492
10477
67613
3409
35634
67296
69097
61679
5897
19912
7265
7469
43054
75428
16457
40218
38863
17141
68618
96289
11315
4760
50688
28874
75830
72652
34395
63879
31303
54779
22233
21229
99852
37339
33150
7483
8819
37897
29851
58247
47597
99970
48715
24701
70983
57173
39756
97015
15529
75914
19365
73653
54395
77292
49022
90013
594
69240
67139
7808
94088
28788
83443
40493
94380
20896
3250
25655
10185
25392
97927
7807
23296
51353
82497
53965
22565
39596
24684
64129
27601
84790
45061
21833
8224
95580
10831
77756
9939
55453
14634
35596
91387
76094
14069
58244
75028
22548
85892
44853
39099
34143
25890
5001
54085
40032
47109
21748
94735
12725
75420
56367
59287
69511
33341
34012
73828
4288
41402
34849
50818
54545
2785
24518
29938
14756
66140
86949
67639
95496
39141
86573
36171
4112
18359
81337
14637
53144
79747
99837
52249
42824
79918
57519
63481
49805
13816
99695
29881
87551
99890
18412
30146
8888
59803
84058
51873
40197
59849
10594
85126
89077
36754
17579
57976
56843
72665
9162
41098
86387
49597
80129
42325
59742
50367
3176
92533
16163
56934
41207
68157
34263
81609
2894
65355
39924
81652
50411
17720
34369
52643
65803
26204
3543
93150
21070
49640
48154
53369
68429
41689
56031
615
47535
92274
37722
93213
23193
76873
75256
9120
11227
99538
52366
45809
24658
77704
96535
64760
71756
72624
46757
39406
71886
53329
49633
71951
87520
17941
90310
22750
49466
61981
38150
3853
95866
30598
12644
11252
47955
31048
19174
27850
98637
8123
75629
5585
82312
28266
63635
92470
48468
63112
69208
72567
39994
80852
75819
74191
97391
5830
77214
41012
17759
61985
69737
94418
50620
67558
31789
98240
56673
37773
42381
5086
90739
15957
44748
75796
67299
48144
44661
76633
23568
57055
99273
56381
29829
79044
76262
29468
85954
54643
33333
75345
22728
77847
62955
5098
83760
44997
710
41810
43764
24214
95046
37771
69715
65020
75505
85604
69183
57938
3280
77126
45037
59468
6042
12604
30411
8400
44420
71929
73135
55114
23801
75609
33305
50696
33153
50490
85871
64870
4770
86175
83779
40133
74828
38703
2204
56053
51077
7391
2349
74147
52234
39572
32889
19476
99382
7309
41449
38517
10405
94200
30611
73269
12841
37014
31095
15363
85976
76842
15729
5252
77151
60731
7377
13806
20243
28930
35463
49774
25512
30917
1394
44065
28792
72685
72615
63421
28943
60318
87301
89560
31239
9352
90771
12590
8442
79609
74652
96092
5416
58949
64553
17897
5111
83491
32691
4636
52177
99324
69941
39241
46340
53955
97772
67658
65274
39251
90296
597
92378
49537
41258
14530
6212
12222
33896
84815
61976
84819
15713
20715
92631
68498
42438
50501
1279
75570
96091
74188
17502
24801
32986
54643
85417
35484
24534
33959
84143
31061
71244
89809
23397
20220
18579
38615
9920
70440
10071
36184
72538
64100
59719
35667
61695
9542
16258
64199
68172
12358
91801
34929
48998
43022
57939
41450
39497
55006
70134
51751
13398
72303
56958
74877
14148
71458
34410
34265
12259
39685
97527
89070
99942
31313
49516
94176
47697
73352
81066
15214
38678
96621
88342
13881
79549
65840
58643
27397
68217
14667
29477
63982
82319
6270
28369
23645
81669
37659
97518
360
94592
11276
18611
63104
19597
98487
60670
64197
25300
78261
15404
50048
26103
47092
65954
64174
13276
65487
53765
47877
9497
74250
1291
71833
99951
85744
6232
29421
46140
8233
70078
78489
418
18251
21054
26403
54833
20235
42110
53818
1098
99577
26116
11468
23782
95557
92738
96820
77666
82340
75273
41773
28049
13912
15969
7599
26278
53209
94709
4720
31021
18236
58346
35155
81936
36103
10029
25122
76936
88449
75425
86346
36206
87538
48830
44513
5097
9371
90426
14168
16
50438
6507
55092
60362
82143
10167
49952
77658
4593
74271
5096
56858
95741
22648
46107
39962
63227
15570
27051
98623
42425
39332
52762
79415
53838
57380
56771
11423
17494
60502
55808
11293
23891
40629
60542
56722
88417
48447
36682
90247
5588
55348
14186
37314
6076
74179
87862
31041
3605
44422
4198
96749
15394
76170
47733
2736
3697
76524
12957
66092
60730
79897
82093
92355
23914
50086
72585
66093
6322
66301
40379
33831
31087
25304
42564
13755
84479
76463
24356
74881
30337
89526
12789
37043
63882
88490
35295
92952
48621
69533
54315
64
72231
64123
82753
72183
80282
3829
59403
44268
41487
66622
87079
81478
67320
99503
76394
36554
16684
16423
84834
20379
83925
18812
92145
3813
42344
73836
67147
48680
9785
39930
46214
92145
14617
67459
22388
53406
82420
19637
88763
15735
87740
36231
76112
54377
21453
91330
9164
4880
30156
6821
29569
71085
71295
89640
94203
72743
42660
63250
35433
37907
98133
92980
35879
38580
10206
27646
58249
79225
1642
48086
63367
54326
40638
29531
4552
69698
36957
19117
2428
71243
62683
45431
11752
87098
48346
466
35289
27983
31311
62374
77337
51843
30147
70842
17702
19824
5134
20007
26248
40095
51371
60624
88436
86243
80384
31036
33356
16654
81829
92651
44324
31015
36593
62583
77488
31465
73762
11853
20141
43226
77679
10500
69593
48029
39773
22252
2070
26195
25708
6980
15184
32660
8110
71334
26664
40053
73370
80333
71389
63903
69843
61630
55306
75582
44078
74319
69750
40740
4647
6695
71476
73111
58481
33110
21664
42774
32408
16903
30104
63240
54525
94759
75246
93936
17883
80883
55663
23215
71555
68332
71377
11434
53956
51912
89450
45275
74238
25858
97603
73279
65078
14629
88732
8614
6574
87360
99820
71171
69924
50365
83767
21015
13935
90197
73711
68545
28839
47379
24030
7214
86966
11333
43054
81162
98166
367
38230
92113
97185
122
11818
42926
48396
64517
10329
5711
31961
99059
450
79475
2908
2167
51902
66500
47632
8423
30767
16850
94625
2611
84670
60529
24187
47921
68116
8197
82841
93745
85738
14756
91204
24181
35991
88897
39374
60553
22428
19291
96730
86678
55744
25737
51092
43049
47870
14746
57405
95320
88101
90985
51939
61159
79895
74586
35748
73825
22478
49719
87322
14868
93144
50839
59874
30443
41986
73251
82056
39852
23901
4491
12209
93453
20603
92211
14411
24692
53804
75449
35348
32700
98626
40391
83651
82990
13803
83234
93740
88059
68426
63495
7191
65479
95580
52825
65085
59255
57469
38229
83983
39416
10101
62758
57153
48148
7616
648
20537
33073
90205
88605
54876
43601
106
87465
63084
11432
99003
82541
96777
96066
48130
17887
45889
23833
25886
83023
37249
85807
64540
21416
78920
55778
8018
14615
23379
6309
98916
33753
16476
77746
15085
27910
35938
76444
92079
63375
87830
51488
36388
74921
99159
6821
85484
85769
90899
38687
90540
53078
51586
95401
78088
89649
36677
60708
85588
25576
72462
44961
32026
34757
45768
21741
33605
77429
51841
75059
83461
22108
6248
15250
1508
94804
54768
63323
88186
54081
29136
8199
59926
98326
57470
69228
53141
38452
41438
530
49977
57298
87260
1083
58208
75191
61500
19086
43022
7449
3049
24431
94110
20730
35601
88783
22529
42120
14829
66300
33051
71013
32115
36948
4309
52752
45824
71021
75994
50056
27552
51200
12721
91202
65738
64088
60860
1054
73497
81214
27784
31185
75343
63143
8319
59777
29572
22235
52114
50782
43131
81202
18561
80790
51844
93422
89628
69699
77427
6292
99825
81346
6599
72762
51560
3731
95604
13085
3869
49687
47937
91657
98476
88419
11895
91508
82761
29707
81542
49536
3111
61066
86594
99398
90722
81664
47649
38757
13294
73217
81994
17892
90684
4873
93552
33675
77352
43740
8809
65775
14784
36953
65940
55098
96847
37871
29684
65846
7173
24213
57535
57105
65868
61269
14666
7936
6983
29217
28208
29895
96173
45041
7042
85532
58701
41534
22879
92841
66385
46076
30025
55681
95325
17727
88707
70309
37408
20139
68624
33053
79361
89485
32956
15377
35632
19770
71342
94002
45624
78037
38392
10708
73030
29591
28458
24531
60637
65779
23056
98953
92029
51739
24421
60120
35431
91878
59254
15566
13197
42363
79510
76938
14130
20260
83699
92855
60482
53578
95303
39417
49641
73923
62520
31404
97224
49943
39444
37417
96455
72285
53303
34616
74025
18380
71760
41105
42041
56120
60037
87321
74063
20496
70718
98012
89948
55055
76563
21489
76793
23563
76774
881
86907
83864
26658
69320
43849
18699
7384
27598
81526
34521
67158
11847
78316
22136
31213
53394
41813
23595
34257
71571
31811
61029
19082
5239
67602
39109
74757
86143
11405
7521
31353
23429
17920
43988
58655
87868
97937
44119
60279
97299
25772
82540
71505
99226
65378
38754
1061
68484
90815
78968
25521
78919
1542
13874
27409
93555
95751
93731
43801
52398
98165
36603
30151
50278
81973
74664
33049
1883
14516
28237
58989
56957
38628
48581
43689
82624
80474
93230
44729
64102
14472
1871
32465
10081
97733
13173
8485
50335
66316
66705
65606
4998
9949
22923
24800
12678
9032
9900
18412
17260
13518
61856
59934
31806
56066
41395
46840
17172
31790
19898
88856
13171
58203
79666
1289
64316
80144
45075
27269
50604
9563
65069
67586
37444
11311
5731
92291
19315
47069
10320
78737
95940
92183
71217
99421
72055
40178
72513
49137
69254
1748
95961
84245
61401
90309
5769
17976
61049
99869
41394
64821
42178
40229
91159
65521
19958
30537
4936
91343
65304
84332
80210
95895
56066
71639
27238
41838
82920
34809
67958
51903
50806
8575
97345
54410
43050
50082
600
58948
85124
81663
65463
76489
98016
86136
28053
18655
79200
3825
76653
17321
77208
97798
11344
43063
69048
47521
23823
83547
93341
47612
84398
69453
16395
29216
67652
48418
54347
16334
93185
52783
40015
24540
45448
80077
40270
70956
62076
38812
99216
41576
60647
91570
40687
40722
62639
99375
91941
91348
85473
37300
34001
56305
37835
50971
52453
28686
9236
79353
85114
97004
72712
57165
78305
53933
2180
61868
36021
82266
31552
72781
18232
12285
15494
53543
1840
41321
8484
30828
19584
35336
13298
59257
48996
86182
93984
79710
53439
68397
91806
595
3357
76141
52182
16102
52122
82557
73605
34057
44739
96541
86241
56495
49501
5809
58945
65456
20491
42101
18779
84671
71075
16905
67510
93694
30594
52297
66273
90498
75329
26104
77683
10387
69852
52655
8597
27342
37679
85212
7254
20333
60421
56416
43709
48601
29397
4042
60746
19386
53027
98486
18387
27552
67816
47179
31362
29012
26284
95121
26916
46430
90629
97634
14955
39217
52935
46829
64605
31972
55944
80593
92792
4110
72690
60545
41982
29415
25398
64566
34378
36522
41911
78718
19202
75651
85500
81444
36225
87166
91672
50902
59624
45582
98038
25540
40842
4155
58640
26939
26176
32287
7986
27301
10301
75583
49989
11211
99821
97707
22067
10994
16544
96032
33142
10316
67262
2382
52785
49668
85371
80673
47688
93971
50179
10034
14357
30865
13307
72458
29118
80883
14388
55487
30494
58680
5110
71153
28329
27640
34010
34216
12318
13211
33451
26807
60888
4403
14167
75527
97541
32769
98515
73764
1677
24270
58870
78796
67288
45354
54433
31733
11903
79885
72750
77169
27797
74252
21864
89826
84539
30432
32851
96213
91942
44802
32063
86670
1527
71008
17360
89849
47536
94024
72029
49658
33206
39772
54232
51993
89354
73690
83204
21243
71261
67396
88809
98869
61335
65346
37740
78997
34297
18483
43578
71233
56607
34229
85568
460
29000
9110
82265
84903
77098
4426
84681
97625
6981
81585
61358
17604
66066
92006
62164
39724
11355
56275
50375
89434
10922
45336
12623
24769
11689
83240
57363
70913
16096
85451
5949
77579
32148
69597
57372
5571
56232
74538
78392
39001
70927
80098
97904
32788
62306
20095
77654
48335
1635
98793
36093
74442
47807
46743
93554
46992
22208
765
46138
72830
32903
22665
68989
35183
7264
94614
53153
14026
13697
26950
43336
24160
88652
12496
88629
4843
37313
91143
27857
26214
301
12439
86765
3309
62973
32689
15410
15986
97598
89106
44521
83918
35887
51835
83442
46548
99945
34579
53592
31766
34924
23203
24655
49093
21178
53607
23866
43730
41443
79976
75119
48289
12870
96881
24893
44924
37542
52735
21722
83766
30169
77408
44034
37494
49181
52436
81818
3396
40154
61884
25529
54771
86851
42174
3448
89887
91036
19852
5015
73752
27083
17747
18509
47590
25369
36607
91352
42578
48806
72253
81074
79077
46482
5114
6817
2071
14033
81522
73324
15918
47972
24697
31090
8427
53619
72920
72433
39566
29925
89904
85553
44441
33166
34590
12269
28405
10286
70020
98403
67612
77671
90987
12946
52336
13767
53977
52168
93313
9840
39345
57560
19011
44526
82484
87266
89935
15507
67829
25383
68872
40061
599
93041
90076
38255
72125
44325
93685
12486
1480
33342
85796
18719
95311
71380
80446
73164
80230
16124
15177
83154
837
8893
53770
13707
28799
71443
74454
65838
73551
37340
41622
45602
17411
87713
44192
85536
9539
2234
94836
6784
23650
13009
45642
27789
22162
7844
4521
90900
70558
45461
83399
3959
65209
26809
27455
86456
72245
68466
77418
98220
87274
87670
99616
39495
62813
80080
89655
10800
95188
35246
81734
40161
48008
23044
17443
25082
45616
32062
5535
53216
31914
28035
25377
43065
76112
38651
19084
52503
99932
43513
11708
36926
98836
93398
21571
98453
46917
91040
31656
40618
69770
90714
37634
3239
26510
72048
89945
76709
19734
99807
58559
27906
66685
34995
79977
56195
96020
69721
89528
49637
63367
29631
31576
52354
83055
10306
68679
22273
40408
32825
4527
16091
10158
4456
47044
47195
24507
32872
30371
55553
38007
7964
41695
56010
87152
93151
58423
6653
50562
60642
84741
23056
13694
56892
22153
57449
53256
25623
7275
49327
34758
22971
72478
65261
27566
83278
478
98343
29761
18732
93077
8211
71856
17354
13522
10722
48530
36962
22773
83454
65079
86131
36247
52517
77977
67411
7609
96865
73019
32311
13325
86985
3307
35722
88474
44369
49870
31303
99339
62622
4082
59004
63110
69175
12919
72483
98273
33094
85488
88501
82080
15502
70732
68343
18547
34750
5647
33828
23922
34429
614
881
91426
16517
33705
40634
25410
39339
82443
10907
10641
33880
88792
60339
99926
2593
22503
5598
19689
16695
67472
96978
40078
64147
21675
51750
73352
6942
69215
58196
44473
14443
46176
9193
80429
76570
8647
88591
10138
12400
40874
1954
39390
38535
56765
35940
56309
25602
44510
15422
6281
47668
2904
11956
47663
46819
39667
63889
77986
41780
53723
35905
5032
35774
40312
62293
66320
36703
98642
85587
7862
68250
98435
26783
76030
59324
49276
76171
47254
48715
92128
35769
81953
88537
84529
10306
73822
62377
91252
8081
68841
10653
45543
38246
87653
89885
39077
21699
50535
43127
68906
24371
53832
10681
96363
68438
14709
66397
23865
95607
93115
3074
54990
46262
94453
77174
26422
91783
4568
97505
54112
60850
839
49330
92057
66783
26070
94206
31260
89588
73340
22481
91598
77536
79921
82244
12793
71167
46790
19934
25365
30051
21529
71261
81513
81135
90996
19362
6463
70722
70388
60983
17373
82809
45663
25007
35303
663
93325
48258
96718
27621
53779
56008
99116
13394
66261
89047
63088
6703
17392
94498
35577
58335
67016
79887
20725
46259
35734
87507
16913
81728
19981
27382
65340
57850
15932
80881
80809
46026
43551
16858
64781
66766
51788
77903
94576
60198
72562
53675
89203
27774
53696
38400
72174
17636
53550
34893
55224
28976
60967
74663
16584
9846
81344
87764
35313
91051
74155
3593
10878
3532
8660
2442
40765
96108
83828
1064
79426
87063
66563
92614
81358
36977
97518
88279
85193
96202
30748
56661
27116
32362
29481
18812
67444
4159
8936
43875
81584
39101
18181
93557
82903
71988
14347
73402
25711
56979
40482
12376
42345
72452
66247
94855
24724
58670
5540
44085
9015
9981
58727
83454
88358
2136
90776
15467
41916
32261
79532
63479
2183
99579
69169
12142
87640
86341
55277
9804
6801
73056
84841
29183
11712
24431
89230
29386
80846
13129
213
87696
52316
35588
12722
21931
43607
9519
85489
65038
66513
53368
16009
22823
44114
24079
83646
62034
73091
85133
66286
75948
55990
52660
81766
50461
85205
48456
78081
26106
70467
65770
93076
26661
50012
20388
40390
9166
38286
92276
84662
73779
63927
62147
30806
71447
71781
26599
88450
11365
24267
67781
4068
10963
79264
18694
30294
23658
19541
99890
46462
71744
92079
52759
41919
31774
81858
32071
51200
52186
27457
16297
99533
16898
5786
68756
12187
80851
42269
37953
60568
41081
29057
67403
45530
59220
55470
47354
30751
85097
2422
84615
47722
18630
9819
40201
68776
15775
36248
47856
23105
95606
49859
92798
9065
11683
78248
895
450
45544
75189
20821
34043
63764
23488
9247
15700
85241
84868
32117
66698
63713
63500
84381
58720
91599
22412
9092
88700
11263
33491
21510
90400
531
20877
659
16557
56928
93081
22901
14890
22156
83131
448
3037
19632
49570
37474
7620
45325
87245
97881
26331
90444
59070
64611
91366
60077
44440
7006
86069
94085
7592
61764
84340
24243
94058
48412
88430
41904
48274
91338
17460
31945
287
39726
29955
21141
89919
72210
48135
10682
49294
58432
2741
52937
70083
6551
28195
72036
8393
42507
79113
79962
46513
31092
76584
66709
53363
50534
98511
59053
16408
77189
50957
54308
49012
89472
64212
56322
37091
89629
57514
45267
89884
9656
32794
26860
79786
47942
82656
77631
46925
73929
91710
42759
10687
8117
58712
54240
63870
52107
6922
56520
22170
11846
44780
84860
34109
52996
95461
58043
1608
34693
16713
41318
59369
21735
61765
43355
64438
82682
80955
57996
53788
78908
77535
62961
46286
15518
92511
40185
49261
4851
77431
37654
63169
70616
13878
98193
3115
463
62986
24761
815
14781
35049
21758
62387
91214
84727
92142
15318
99255
42616
92548
12278
29223
81289
91542
51824
61714
3913
68716
62395
32825
85630
83196
10587
74857
66353
37875
85585
92339
22905
53787
94072
15211
71054
68058
6654
10266
28754
91400
22421
50664
9058
99834
25927
93922
19483
11112
32836
92142
19792
36733
40779
8490
38019
70387
99079
29980
46244
18553
67782
21756
23278
47947
36371
22351
27964
1528
91398
94214
81081
72052
5391
14987
7159
85401
29945
77634
51739
11011
83737
82281
90741
79467
69313
28982
4170
62910
7265
72451
71634
79798
8882
92490
29298
45100
11532
54843
14310
70725
23288
31613
74710
22037
29934
62674
7303
60166
33073
47917
60411
2543
68660
4296
18913
46018
70982
26729
94789
45166
8889
12899
87680
45163
49444
72822
95457
64844
83351
56717
59869
52871
97809
98561
55190
80100
84961
40751
57070
94394
38680
7113
23498
18819
37198
2961
22027
42355
52677
45427
14404
78161
48486
37468
28962
86893
66979
41430
65557
70726
26342
15042
55550
90087
67845
5861
9334
22276
13323
18882
59649
82427
9440
7091
79294
68003
87136
76431
29961
23948
51103
92024
75832
49012
63517
63082
35135
23818
2698
70093
8344
42583
98279
10825
67509
53257
10851
55233
12458
66735
43900
38075
20437
46150
95101
56565
64308
77886
60278
20005
18877
51312
31988
17416
67133
30877
12681
63724
55080
70042
55405
80013
99419
76100
74240
97372
64040
82294
72909
15256
83865
70536
14695
11530
43968
15058
4327
80192
54602
40825
69112
96796
9571
40294
51038
56106
40828
72791
44646
83300
89359
25203
53243
76644
7262
30462
92424
62205
68143
3305
29224
29497
416
66955
37209
52396
38582
19008
50870
52494
63521
6031
4572
22243
21445
96416
64560
44755
84534
58924
13391
63907
968
87391
53370
76123
27771
12349
6597
83097
28739
5154
11977
93773
8684
41417
85734
79733
13039
54951
68708
19119
89827
58581
93546
56725
97337
54316
74837
44415
80393
79817
58783
6975
34037
71205
76355
33621
73623
31128
32194
80685
15526
59674
29402
78911
95500
26001
95321
16649
35225
90721
12549
90537
46483
10187
19425
16791
91059
78924
82060
50932
89157
2239
53099
17122
90057
9535
42499
7726
97155
65820
28365
12658
7868
56301
21645
79127
47172
47316
48640
11833
99399
64685
50621
10521
85267
21177
16739
83119
92495
3102
88306
76082
35372
76943
45461
18855
72163
64105
69549
83376
39144
52865
72817
59061
862
67911
34865
26065
10224
53437
2710
60818
63247
60306
12556
12613
45356
3713
62513
72537
48486
55523
59727
71420
36366
58264
55565
44139
7231
83837
77169
89615
33802
97103
1438
97681
25400
60067
519
67349
6302
15188
49157
71897
71132
6141
37667
80056
63434
5387
3968
80189
22580
31546
61772
93984
93556
44708
62175
24566
86444
5386
82427
94903
95554
3703
1884
92943
6605
21054
38198
93163
32937
47066
55920
46353
49185
43351
51975
42091
67441
90152
40343
44923
60972
11317
27425
2666
40798
85353
79182
38611
96065
3949
58957
25207
36459
558
65165
74991
63171
59669
71904
80909
2003
7382
28057
93346
33456
44572
38949
54821
15652
48773
45849
40914
50491
78679
33996
69710
2955
10866
12054
47520
7965
3109
662
98942
19110
28198
50743
13613
63359
77020
82838
6773
63956
75497
88352
66096
53812
12639
20610
74779
86109
94444
62344
88358
31989
74566
95983
51037
87976
1717
80281
97455
60889
18376
48665
43817
14672
61001
82039
90833
57004
91929
58302
55076
56035
20190
95186
87227
70636
10305
58504
67048
81870
88157
23961
71993
57353
13238
54839
30543
74989
28564
73613
20314
17994
41065
35518
14702
47337
34046
33535
98998
6994
35229
31592
13265
72767
19138
52141
5655
52468
5367
85492
30743
98303
4686
52716
42066
70405
72185
26128
49833
44162
51123
11536
40421
89011
21970
15525
58677
31068
6866
48177
83257
28893
63209
34271
7595
4627
90031
18216
99892
87634
90121
36278
17608
12275
74008
9980
75248
60531
72713
60863
42118
76980
74552
27961
43984
43341
11178
38092
29874
21463
20320
55127
58925
23456
32764
97208
43186
41209
32006
72217
30248
14524
17552
34250
69037
77310
94236
64994
19330
92720
71134
17406
42078
40240
61562
32986
90148
67989
73245
14687
97617
50721
97054
67172
93681
71541
43745
68819
27658
67432
64956
37022
78767
4123
64473
386
82811
46495
85461
35362
7482
4740
35992
29392
83594
87695
17297
62655
58770
77975
26539
98031
71058
6214
66373
85662
65233
51436
91612
30724
43451
82250
72951
18945
51230
17969
5144
49262
44261
36824
59849
40951
23329
83805
78977
32660
46858
66198
85484
19725
41534
78866
40852
1114
59560
59846
16660
8575
12949
84241
64246
42521
85545
53322
58779
87914
22482
11412
85790
1392
12727
37416
8325
3682
81264
61179
79604
18215
594
42282
27047
63479
42505
29605
17589
81504
52992
58403
79773
91378
95446
11131
88438
90953
44685
88272
63674
41416
14252
15911
90860
78260
64186
85665
96029
63643
27654
24303
96371
96307
31615
77587
53326
86502
71500
40785
4877
74926
5304
93613
45845
54925
81543
41701
53489
96184
98841
98151
85722
53027
67714
42347
3060
60296
85771
30096
89639
60905
89368
68993
48002
37352
12796
33262
63113
11071
60943
51719
34498
77792
77520
57680
64428
80814
17235
2095
45495
99047
31914
50019
20092
36913
89885
78659
64780
543
74456
90998
61944
15991
7007
30616
12596
59580
92810
82950
68745
85468
98096
38684
89046
33882
90238
76420
30949
46575
70080
65280
91185
32921
31149
11829
9902
14735
58001
94649
91915
22208
90423
46529
27789
45211
46585
54476
18684
8066
62521
76469
24425
85467
97811
10666
3174
55360
44528
58443
37539
71581
78867
53879
89025
66658
83651
38211
91947
24189
19857
97209
12206
91349
22952
78714
48878
15478
37750
83557
25762
1538
61434
26835
84039
38344
56424
30275
81558
90789
98562
99198
38634
59676
90745
17320
52709
36435
7533
25154
59371
66491
59093
44041
21417
41333
60029
80486
25847
7531
61438
9901
87187
26850
60023
55504
60985
48072
50299
27740
7178
93344
75003
97971
3810
71263
41066
69964
30515
5513
39200
25889
86178
87496
99146
95305
59497
8718
42678
90390
46958
62345
46056
81883
98749
71743
30142
82312
7207
99287
34043
16444
31342
42793
55161
11208
7874
310
83425
13257
5899
66547
40320
21783
3990
78303
42869
25861
23991
59016
74791
11615
35737
81956
1396
48637
52264
60013
22382
1995
54603
98250
95311
54668
59034
92259
67285
97875
12014
15801
83003
68512
11203
76172
15507
44746
13871
6030
77367
30590
12539
802
30775
21817
20626
94427
34762
34693
65366
66193
6537
35652
81883
75528
78626
70845
99661
40948
46040
27520
86272
23226
62491
3477
71999
45986
96376
8714
58352
48739
3936
14208
9889
43410
78408
91803
20456
83257
81705
77811
17106
52031
27458
45008
9103
45665
57381
72371
38127
12473
21611
4281
17939
97532
7495
40705
9938
74690
86148
3149
61334
92974
53806
97482
86542
29058
20382
30527
61452
98001
71931
21417
70976
91863
79508
90519
42905
50383
81645
9358
75935
53254
21078
73025
20222
232
63155
13567
52495
97910
85996
8360
54791
51746
45921
18891
20075
16024
35273
6625
22285
91413
12465
77404
4127
70637
18302
45132
65358
45474
70011
14321
16572
1511
72656
88085
75491
59295
55616
77817
30692
51897
4220
45335
5981
11012
61121
61629
2326
27660
29741
88752
75354
97237
77853
72926
31699
98870
91744
17970
11160
62302
2427
83895
9961
44069
60095
76890
45254
62875
10864
97741
78703
38580
23361
70048
26068
27150
74239
38224
2028
54100
4977
99215
76409
44349
86164
46003
19821
123
13139
27410
12481
65171
60314
98263
99640
77383
3962
77459
15065
87615
82728
32145
63326
37251
14496
82971
1900
67167
47301
64621
69874
2877
69313
72155
30904
25226
61205
46136
59632
59576
54633
59628
2777
12370
77748
85538
75805
54623
77695
8552
95832
39934
13550
23977
8092
59543
38682
63658
14538
70625
68758
28393
58383
15082
32518
76245
28258
94126
16
77443
54668
18573
6728
38468
67745
59405
92798
37851
32600
11393
73942
17992
87988
36535
98109
18859
57704
34204
64730
16532
19687
77731
98664
47916
6656
26978
34551
7531
35009
52910
5542
69671
301
25629
55529
31887
73110
55705
75247
81898
20995
76222
50671
8735
247
78300
92196
93947
11836
65355
29264
8488
89403
22479
27628
98383
97832
54760
1586
70537
63210
67110
12030
76464
69671
33765
22327
20391
72853
48895
63288
51620
5079
26467
31708
73396
80388
43238
29456
74433
72921
70082
5560
91520
34045
4564
98812
52858
88308
14140
11151
35928
47320
57550
28979
6786
75224
5466
76382
87625
80034
22083
99553
84658
86707
28613
12839
7343
68233
77141
67421
50894
2183
37448
43598
27035
32526
16205
95843
74206
8301
99621
49601
43483
77983
9602
30164
16256
39122
97933
78702
47610
59967
46214
81097
59909
11708
59396
77277
80661
76982
51530
21129
55490
60493
45486
47697
43671
29381
56678
16893
56503
65471
97557
57275
13394
11080
97434
84426
87371
59617
44785
89143
88464
80242
63028
45808
50218
10928
95593
85233
78494
22298
44715
912
21274
73918
35963
66911
50319
17800
34929
57645
36145
78684
77183
31453
42472
93315
51526
45257
41955
42877
60013
61756
29854
97059
55149
42014
50517
92593
14700
10560
26766
82284
6531
5905
9602
80226
54796
93096
80727
9639
86175
31180
40214
13363
75704
89989
61762
62581
55908
91892
34088
99522
48524
46130
3155
42072
23496
11689
7634
63418
51022
74186
63195
66613
44835
66167
25693
34769
46180
32176
58854
76634
40341
96474
16866
59495
78860
94339
54745
88422
48818
45596
36206
44329
73637
56933
30773
19702
37474
89784
55191
64366
55520
3206
92030
20621
66420
62171
87693
61408
16836
84843
62013
80319
62978
57090
65607
29180
24596
98602
15100
4083
78033
94470
49495
51636
77041
68157
23780
43416
64843
3319
25816
72318
61809
44387
21365
91936
3803
47591
8498
18120
18071
48534
98174
92774
82017
40633
51292
90099
98005
53419
14746
43713
38584
2210
26110
41564
7919
46479
7665
9244
40223
29480
89521
51235
74232
66440
29877
64324
35976
51793
4736
52948
32084
18717
57892
8733
2458
7891
64641
34027
7088
23435
83672
98617
90289
39006
87320
48744
65505
81853
88788
52917
89984
84476
93529
37394
66441
31191
25727
61936
84799
97955
38896
37764
59217
55976
83627
64550
57744
7779
57162
18505
59656
83836
36575
15192
23236
73941
49843
48785
63691
2489
98372
78485
75649
13893
85270
48503
75805
28388
42406
44017
20458
43436
10031
64670
4483
68806
10895
68332
68522
67831
33284
20348
29222
74368
46653
14955
79834
68250
24273
57527
89983
92148
21659
54243
42785
917
55870
95097
6246
6861
62677
71040
29873
23899
42933
44118
65001
1484
32643
88927
82040
35249
20263
94128
49407
40239
17003
82797
15981
17358
71811
3480
7272
51630
61197
67353
30332
84939
90635
41027
13750
61098
16915
95162
45694
43225
51858
75390
85953
87813
32162
48957
36523
5656
12687
16565
82174
89007
69338
62636
84396
66726
82613
62639
11208
11609
78229
91091
65629
79730
31777
19054
46756
74478
18494
46476
23112
91467
41203
42980
58208
73615
9838
70766
64964
77399
81974
90449
82805
7485
61377
89910
12940
18474
28253
86502
61229
70539
33775
83565
47767
29722
80309
94694
20129
49756
22956
4447
18867
75587
170
51631
51302
55653
93079
82108
59152
15631
45805
78681
71220
44323
4518
59533
32469
68542
88560
47524
87734
30374
79539
64664
91491
17038
93696
68666
11264
56830
40791
38414
25899
4291
47983
39026
61302
84040
3569
1274
96147
69027
45581
50549
37853
80267
25494
12852
22609
57360
39093
32997
83930
85787
50006
16116
90557
84019
11678
94751
82057
89985
93978
59467
28411
6439
37280
78876
61796
93337
17111
71799
17430
83586
54251
92103
39294
71665
23791
53416
31231
64460
17658
92215
89176
76693
46878
44535
90797
20855
71314
43136
50605
12998
40329
90139
14892
94505
52218
41027
1987
73909
3157
21897
72496
44476
89455
41531
68556
46571
32279
34473
45567
92509
5835
42993
80274
4064
29394
20713
64819
67724
57247
85950
41473
16860
90001
47881
23077
61275
94369
23438
975
60309
48158
89572
10770
68897
51992
58663
30895
89625
49696
45021
77286
14348
53361
48054
97713
56084
63687
6313
93918
76852
43783
93816
16543
11593
42875
44408
90992
3849
99179
20561
39915
76670
7415
13022
21816
16222
25203
67760
85525
13300
33681
59706
31769
56213
32756
16028
47547
77418
60032
76635
52609
17671
61438
67005
65117
97360
47316
91049
72462
23700
36357
96107
85185
71306
12657
55071
14498
11308
7719
83184
94321
13486
55538
19014
61049
33308
50274
99770
39289
13041
16608
91843
96341
39751
55344
28854
17544
23699
605
29739
35614
12385
99467
20215
27299
79805
53489
39693
2527
26662
62692
49908
3450
37664
17517
63474
10179
11987
46356
89386
70363
27677
70526
96129
75935
19331
23591
88954
73919
95310
96175
63105
15072
79731
44213
30000
66608
70464
17067
59418
85654
45725
85345
26399
63719
11716
25786
77933
44308
51089
70315
4463
12975
79308
81983
17599
40645
49682
44287
76719
80554
42769
95409
72976
29955
25136
85764
14167
30730
99492
77298
98570
50321
24234
29356
96061
30508
42435
94838
91549
28860
80046
3316
84043
56725
67888
98609
63594
53484
52853
81745
29517
73321
11151
94217
66003
4828
79335
14668
85468
12276
98969
81226
96350
94347
30325
42356
80089
60334
57617
96051
95703
46216
63403
10407
17115
92966
82761
56174
75856
3733
12750
26171
64614
64592
54891
70618
6525
81764
39951
88114
63860
64515
12192
6725
30164
10191
3376
79894
6070
43796
42588
85999
13762
74222
10795
22312
95082
74273
67598
61700
37743
9770
5388
31128
74423
98716
15908
23443
42101
58599
23643
28880
79011
58913
30092
98321
72135
35499
53351
43201
60193
22624
86813
2802
50301
87456
46705
66512
85176
72064
96865
24600
66778
20885
69752
12416
52299
34287
74888
99162
77717
90000
16148
59307
90955
28752
51214
62527
35770
19966
6910
98573
92745
76515
34589
33219
51643
87410
36348
72348
81839
1021
20385
76844
20945
40185
15498
32469
78959
74631
26232
46623
2018
34489
14408
95784
63052
20662
43937
21410
25956
30546
15127
88176
11090
16135
57157
68345
40882
4658
23265
94168
68486
30156
16317
15205
30624
79503
75370
46602
5016
20496
65895
7174
11659
84735
71319
83663
96833
18155
58127
79916
98088
46008
40069
95064
82720
25492
76937
54603
15028
64370
80529
24682
38146
8561
6462
64692
71664
12496
32201
52832
65734
35134
22370
97982
64446
13217
15774
37477
44048
46329
41041
9390
13957
66744
61136
31382
22544
28658
46372
51857
88609
62277
36454
94236
1546
72490
27350
4995
35246
62780
80968
93392
51474
8728
88651
49681
8419
24351
61875
30768
22491
12726
94603
37509
81417
97952
41324
64593
80625
65387
15985
77811
76389
51592
27378
99408
25830
86736
27627
73680
86129
14666
73203
38113
80711
80718
40084
39423
99089
56529
69477
13450
44808
37945
32133
35869
56823
44161
14318
86207
42005
2907
15732
21809
62289
42406
65059
70993
77253
31383
71286
29487
80605
32456
17612
6280
60553
5151
50011
70264
40618
58584
98815
7821
3921
49683
7138
61909
99846
44946
39815
20237
2113
55350
89243
65796
84384
71994
58072
77423
50619
77254
67172
46760
15935
13457
47823
44413
23451
72954
83180
14200
5451
75787
83670
49934
3131
41693
75114
48389
27456
91476
23467
99937
40061
34432
81602
9002
74063
92197
359
77473
68924
69128
13153
2990
3601
31132
93452
6279
47214
4465
46370
43360
26477
60558
96675
93034
5203
48036
37625
13791
13914
15448
38095
49752
91636
15909
3917
21237
20622
97539
79164
93768
67765
21961
64924
39789
32953
5839
58774
64853
7370
45906
79489
1363
65052
17574
71323
58313
72506
14813
54058
90500
26308
3550
4741
43589
24397
2855
7534
17557
69111
8317
9930
14760
56943
34873
99135
87866
57749
80389
48539
19427
79133
35499
10974
1259
92810
45674
28895
62381
9379
37331
93980
72571
10685
38775
35883
23407
9295
84564
70665
63562
16509
77693
62301
79590
16857
19946
45100
48927
45306
60106
25335
71858
18675
27007
28608
7056
29162
89985
73762
83671
50625
96168
78225
57079
97452
55081
29145
91475
7544
90844
16265
32791
62452
37073
88644
26172
47057
52782
28918
93744
4604
3022
2601
10154
12842
55761
87269
52158
57081
65597
64975
16687
99515
15884
74519
81725
49475
5033
28452
8676
48323
81817
26947
33316
93530
94133
48881
68318
58036
42263
56437
38841
39763
15298
63012
92988
65846
44251
44691
55528
13881
84235
20061
76779
16953
4074
92210
78022
2842
37902
73065
90203
71254
40407
37884
52243
53156
62262
90527
15245
57729
38798
3416
543
76832
37268
67875
91781
68653
41484
1328
20193
58206
28472
58850
97325
76413
32890
43828
76807
64490
67932
94172
77237
2082
22541
51818
44554
27878
55511
76903
14050
95121
20341
1561
24499
66596
36420
12605
22215
47005
88657
39717
16642
56053
82873
59843
49122
99389
41556
871
62452
57199
26611
52932
53448
66456
26743
82679
16893
42676
8904
10010
90735
59682
32628
64076
83629
13548
77713
25477
68529
60466
24114
11051
40692
89591
32032
5460
67403
7742
11596
85986
81781
75327
54901
67540
24892
74535
36598
93321
37664
65533
98259
98354
33431
88685
93574
9889
45879
66527
33535
84390
37612
74826
97050
34650
53068
17977
85330
60517
87625
73392
93436
7857
51079
30701
99855
80351
34915
59426
27823
92771
80780
46999
17597
94625
46286
68172
66835
69400
82261
59775
29835
54958
1927
6050
69889
5372
32291
29414
8034
69945
49848
30684
56205
53205
13750
89451
50706
95865
34049
36828
52032
20431
9537
42268
97653
14013
97900
79910
56892
1019
3841
68219
52657
1188
67356
9899
51513
52177
6983
99315
67240
29938
59232
87097
43788
16205
14152
57880
47119
60978
966
54032
99527
57248
17551
97688
42821
41695
7409
92266
72762
40395
85298
43692
58755
77659
29035
59614
70609
74418
76253
47101
8203
97284
8537
4756
18482
42639
27927
58016
78286
99580
72503
23694
63834
41360
77405
56376
13342
46135
21231
11545
84262
17144
97059
4428
86557
35470
49808
12107
17889
52815
34025
91095
30359
29864
92683
5436
32658
6590
38038
68231
47499
98519
35095
87998
70932
8824
87347
84726
4886
9874
79376
38247
42585
79226
97035
28779
10893
89073
53384
60773
71880
48262
36742
99674
34683
7552
1650
65803
44962
25731
34097
97148
6285
11530
25448
79812
4661
61660
27163
77820
1263
76917
20739
86066
11209
96095
33092
64205
40542
5920
61652
46086
94500
13334
42808
49935
93932
10239
54319
80842
84308
63964
43635
87784
83481
99762
95389
40298
18089
92993
94238
19792
23348
43355
71748
83956
46392
27565
48579
22808
61348
99238
25400
36248
55869
54473
80265
47053
83043
21951
3017
93792
87690
82513
58707
30803
66409
8803
89073
62998
6709
37161
9513
30869
66069
18315
85182
59893
37583
10339
46708
4524
64165
21738
2078
62764
57339
43106
15892
39706
29571
89556
27735
35120
73889
72460
39217
58211
42492
81602
27093
39149
2571
58090
96095
44900
3726
28462
83831
5122
61918
59228
90393
85933
78705
92493
17710
47536
91702
68429
37909
14855
59804
64580
81089
45652
7497
95563
8597
56402
31392
20293
86118
68854
52917
77614
62112
93277
53252
29853
55362
20594
90946
23277
85242
72544
61803
43738
31140
40791
51343
47222
14993
55690
33945
74366
65042
20071
89159
29080
15698
66489
93574
99925
63584
23751
96820
16317
41858
58245
44903
1778
32011
50533
325
76360
79725
12228
35187
26989
80776
47169
7401
50425
81169
68992
62350
54217
38492
51311
16105
13468
43504
87143
16036
55748
63004
77352
17114
52625
61150
20130
2557
60578
9934
34055
73061
40598
50925
27004
77066
41412
45207
33028
25757
32703
67446
75190
9513
91613
2532
19818
69339
55623
582
85363
94347
99997
44449
91844
36980
22205
91199
42985
75017
63383
14403
20169
3739
26074
53281
84260
94280
92586
94948
24076
47655
41037
86414
2773
22795
57683
2355
16867
56753
10475
56702
57007
369
43272
3179
45590
30214
30946
96992
35725
24454
12302
81391
16427
51261
13187
80116
44678
99002
83783
12337
22096
92474
2506
32202
90168
75367
85633
24974
3555
9439
62520
87585
74998
69410
51728
98470
49215
96145
39649
27966
29091
44763
19063
3835
73182
48885
56403
80479
4098
71138
14798
59486
69268
4736
73915
31137
88945
12056
568
30104
85252
91120
23986
70900
28551
82427
47762
37751
13026
50761
44727
71257
22979
66385
64811
34909
34642
3301
59573
95252
92561
22536
24014
99668
23180
88043
3422
196
20618
94008
18038
20881
81832
10777
32273
31297
32659
73293
95444
50186
18523
16628
55233
58225
46911
69943
35078
38629
5697
50642
22564
66383
25045
62857
60019
69550
13068
7513
29165
62369
39521
68174
50591
87362
44244
34151
21296
2474
42119
67452
14103
81818
3616
64292
24450
7677
82452
4108
61149
81933
91652
68009
82291
41659
67089
51629
2095
49079
73091
91268
32654
8158
57171
93839
50767
34321
38240
77577
71080
72695
60598
22658
21014
15566
99303
54596
7444
67478
6250
78589
89606
45647
5738
65874
11605
58769
20695
50492
32427
43445
21161
22897
9557
12638
82538
42478
43352
13665
78934
13269
2883
19796
93232
95759
69055
27536
83874
68830
14399
80029
68642
40137
94821
94684
797
18921
29551
56478
85118
92293
30038
32372
86560
15352
30339
83222
81566
44858
17720
84112
99342
39087
99166
15634
63725
89400
99344
73577
53404
18066
17563
54431
82169
28173
24274
46696
92724
87274
79563
44803
28894
42133
708
23548
76080
5327
68651
8784
69600
81747
73266
16700
93440
23657
36680
44821
3995
78365
2722
26531
90030
33398
26421
98407
54453
9925
18805
17884
32054
80389
10579
97452
54726
58410
83399
45309
30527
4323
14166
89110
23793
50573
97267
17121
62092
81855
23632
57999
38061
76993
84422
78340
87395
30899
65579
2383
75735
75883
3478
35860
91726
21249
97064
13933
76982
15461
23762
44834
74821
66999
19639
23825
69105
25672
28680
3601
86225
93169
901
64458
66143
3187
6928
90896
49605
1983
30197
45795
12814
24239
82989
37025
88919
44247
84636
12441
92551
90884
82957
76608
79352
70528
82823
63784
17845
13207
68900
34089
77422
21242
86475
24487
21408
63126
87554
9479
76765
94965
92394
73677
6127
56966
63255
44460
17484
96257
53856
76644
49251
55344
49987
63946
42558
46374
13727
53330
34652
30783
65000
50407
70578
56624
72838
34438
26449
74502
51093
21306
55313
98918
77517
43325
5750
37530
83368
91636
30478
63523
90528
36589
11230
96903
44100
11624
46071
45170
85736
80737
67102
11334
39590
72050
6308
2987
48785
72522
25949
61454
96761
7158
57816
11776
61094
62201
98169
43675
59134
55684
83899
97468
46947
18027
39042
58660
81567
78797
4532
32962
40500
98488
15394
21736
67165
23547
50776
37893
74468
23792
74268
28607
60636
51291
3430
32747
34730
56651
23726
33805
44120
46686
20740
84163
16338
52003
78276
13915
97474
43933
36074
4746
90344
85584
37756
40587
44061
35023
59803
10489
84188
1680
20548
82586
88970
5518
27868
4871
58128
16439
14894
25447
81957
83746
12227
49893
87218
45330
27925
63221
78818
99010
56272
39070
79430
51793
33254
46833
29993
93931
99053
51397
42209
52808
67753
13278
32160
27421
187
35964
93136
55519
48509
53506
46146
15867
67553
74998
65845
67859
65553
11466
17762
10204
20031
30173
68772
48921
89684
26222
48472
12674
30406
63895
39438
14383
49649
80806
29763
84786
59359
29675
78993
47106
10074
70948
89017
21878
93757
71231
78756
12491
56430
62628
43043
45299
94578
53657
36656
51553
34285
22937
1723
82959
20795
48485
37144
84263
50846
58649
94530
74356
31352
66988
5279
42596
77376
2023
42871
13404
33240
2973
55873
84776
59279
53043
94918
78991
92330
55716
13132
9025
78138
17446
38819
66264
91247
82515
15477
73431
58721
64896
81412
85066
97204
60460
85048
89550
67965
71818
81439
97946
34427
49514
19223
80210
55448
6143
40788
26208
3904
51606
98049
71038
13844
55859
200
88942
60595
87584
90623
71388
81000
4780
1861
91299
87888
39573
82170
77752
52222
40632
99586
60698
27711
45203
76340
18994
34719
82131
58094
8557
96574
83092
13708
52157
26672
5505
22573
64438
49931
11857
98683
48840
79380
99568
49828
46908
16828
84434
25718
58354
17190
47527
71965
70488
36207
47369
5653
7839
33756
66864
85560
95028
98075
60072
12673
77212
38005
62643
53026
14675
8978
41466
6548
11884
93701
65394
75417
9516
4712
57749
92235
24832
28545
97267
9171
83000
35835
80908
87630
86984
32859
10383
73217
3505
55406
18511
4621
80891
49886
56553
73752
21495
54220
67727
847
3034
58959
46789
80368
41799
88688
16840
52397
40073
3889
9664
28967
25477
34951
93096
94362
53602
47298
23906
17843
65475
65978
78229
52128
21090
55849
29249
47685
70764
25840
34992
62489
42583
41463
20671
9493
43565
93652
53679
99675
66767
13027
57843
65345
66121
24065
33396
77284
50722
96721
23235
85591
532
26063
74720
8764
19025
44023
78210
70887
79920
31226
39419
42452
44196
41562
87635
15149
71395
27101
50298
94719
22442
61879
90517
48455
24061
67300
93668
45180
36983
3932
81600
28992
43944
48332
56066
21023
27195
55609
67408
42349
51956
54274
94761
43602
31457
39600
87906
22004
76990
7079
65176
98680
23449
62415
68376
32066
25340
42261
53423
35542
84882
56646
44798
80529
68046
87864
61625
24996
41833
93982
13089
31636
41051
62493
98762
74344
63946
1777
18199
52708
18149
52558
25389
64918
90417
14709
95803
88531
24925
59630
55896
91024
90263
8116
45570
63985
14879
90727
97520
77017
9493
63979
38287
45080
87127
56167
16878
4664
75664
15495
5635
4595
5127
92943
33304
31653
88379
17107
33946
35981
31898
64899
70714
21728
12864
7750
15769
15773
34713
66895
19786
37715
1494
45665
63704
44454
47351
39580
65820
25120
18816
77184
49023
40170
88223
62787
37240
75327
51201
16906
17381
56428
88438
58437
59963
75492
69148
25743
9780
97565
15121
34780
88047
83849
95001
12082
32760
34809
32239
8856
92138
45338
6334
46593
18612
18617
34410
41904
85903
58025
26463
80083
99527
30172
30486
96287
17315
73017
33061
57072
32052
34165
1265
73597
65854
44745
31254
30360
4828
36499
42735
32492
78077
69002
7090
87666
90683
41941
45554
17406
33384
87654
46744
35433
29431
8638
87441
49627
41155
19641
33832
61557
95395
87869
78661
71630
79907
55020
78650
19239
9321
37464
26485
61631
70384
44023
22207
82208
82909
57623
32405
42149
93203
56769
40215
12617
65921
26466
98794
83238
13935
6559
33519
31895
98490
23441
49770
97371
74667
53586
7772
57881
46778
78196
80350
55762
3973
33249
16922
35393
16691
140
77909
15464
4247
48457
90505
71370
69577
10299
14952
30023
55792
82528
63099
64328
90898
38486
22619
89164
68831
84494
82427
14067
87922
17021
11158
35492
86168
81212
23645
64409
54558
95436
44871
29467
15125
14529
54183
16344
27992
41039
89714
53572
34819
39105
31276
20980
77117
90813
85573
7172
69806
18098
17032
65915
14176
38451
42001
17125
83271
85767
7097
63640
84717
57990
4472
16461
22969
90608
71976
88960
33889
76843
23868
25398
34045
63253
12983
26831
86490
12866
35080
13124
37946
45920
13183
61797
66660
44040
6302
24288
32610
45936
81745
12393
39610
20181
80553
57309
40096
21445
20944
4752
16432
4390
28135
13723
23186
74556
34269
47127
37877
42201
38418
10455
44083
34329
71312
57655
70501
10819
97252
90891
1657
38585
53726
44968
46366
16319
82775
58806
5211
78732
1231
42801
45695
22197
91166
82509
56064
96833
37523
17866
61032
2658
57186
81168
48799
13189
52357
29568
16750
78156
74303
87073
12671
67768
86994
79349
89243
18615
7736
66276
26433
99309
29733
83906
67993
68173
59265
80818
65378
13018
35975
61431
29390
28186
75586
70580
78815
44858
46721
36210
54014
82960
20348
33742
77809
69770
23268
99259
47792
18279
35817
8037
77422
31277
22246
57427
36811
87411
63490
26194
12706
43110
26618
80229
74311
44487
16549
77305
3569
79410
92859
36523
68594
70565
52331
1826
73291
69566
24048
45059
41856
42735
3893
67307
15858
23127
52042
71874
77860
22793
6255
68159
16761
91413
64416
70476
42204
16801
36332
89745
79166
32322
84992
28137
76093
88593
18435
82361
18714
60941
14358
65305
12923
98068
59947
81537
2074
58825
69381
52569
37095
8015
25488
56640
75162
66994
40688
93612
19196
43733
78717
14966
67309
53616
64694
67492
11013
67044
73064
85923
66721
67560
12358
4258
32512
58898
76019
81996
46706
3101
41140
34474
74942
22282
82542
65033
65395
38944
82169
11911
92923
15875
16387
53826
90659
15062
51653
40070
73823
94113
8761
17943
75668
5431
1183
3518
64910
54063
92248
54069
46549
38796
87804
81168
38070
27843
63420
50761
13793
67847
1967
27862
29981
74852
67624
68454
41347
257
29541
10512
21562
18100
1418
30002
40208
18619
56200
79057
98347
85651
12432
51299
84755
90447
83961
22152
43133
28116
85190
44502
5373
23042
44860
2656
21008
34199
69676
45002
15323
99907
45305
3085
79977
75720
66368
98218
91804
95798
40039
80566
85325
87486
20941
43832
13726
29205
82765
13031
28512
61430
22929
95957
58057
39173
53529
30031
74689
7121
83933
42232
29106
83024
35625
46311
4290
72159
43962
73700
93665
90932
34099
54717
28782
64047
74959
8258
53164
42639
24139
15844
93698
30056
53084
43612
59618
74844
66199
34338
91333
31677
95627
35024
74644
18314
29753
34040
56053
594
27166
16216
60846
77023
75508
3329
31757
19300
23252
94912
30879
2206
64363
21602
49100
56425
33456
81207
48435
93313
33387
38338
41625
99390
12562
25585
19222
82950
74702
18885
86174
38095
40133
92956
94097
39433
70691
73078
91155
70070
22597
16147
53470
27497
12685
39582
17393
98764
57236
64274
65648
3171
85503
24656
89774
78251
65241
65451
44582
71212
22784
23228
55710
99966
51325
99834
44138
3481
65769
78999
5007
76269
64459
66843
44966
54109
30268
73101
38929
19160
42426
34433
12322
69209
51161
18701
28367
97591
74194
70031
86112
8363
18757
82826
62831
19266
53480
24944
67426
16456
2220
95707
92657
4311
65770
21146
71528
26759
60443
86725
25371
73717
4467
4519
35076
34798
19544
57710
20908
70500
50570
15229
44380
16324
521
34054
59058
17310
44169
94374
5707
98643
79879
52021
29708
66805
76470
94936
61031
87983
56515
53809
80005
58160
73493
50601
94983
79677
82378
23559
49918
52497
79830
93343
62040
56176
48520
22855
85370
73292
67292
45212
9870
80113
56296
66375
1274
69467
95293
80118
39357
1144
23768
15068
74980
63073
708
69375
32372
22140
91335
99290
568
93420
28011
83518
38561
83860
16317
43159
44557
16691
8644
28652
10136
94413
41660
36181
93704
87444
96978
82693
35233
91121
65196
24253
23977
645
47129
11765
72509
88346
19609
38635
30916
30160
88156
68836
15655
68587
73940
79796
52951
41889
28065
55778
23579
55764
25348
44324
81630
78318
65712
40132
46829
17311
75569
62080
61077
665
30247
53983
96058
76248
97345
53367
29700
98175
20571
75671
86061
88537
18810
35791
74071
8024
61287
7185
62394
14750
33033
21486
10571
85859
63945
45124
8266
61873
5140
93813
95887
12351
95000
97496
73
74449
64767
43931
99418
47899
11904
1580
60146
52945
93767
29360
28511
11430
58568
52220
67456
22975
78753
85668
92876
96007
93827
96733
50840
873
5170
94236
18094
57699
71052
57861
30015
17064
9078
32088
52919
30253
21504
38720
72282
23084
23278
43120
56809
73954
48683
47450
84594
73252
99305
45254
93659
55733
92800
14191
284
18987
20268
15810
89522
91622
32331
40212
37758
37840
75622
44031
16666
39653
19210
52030
59703
12833
8893
46474
1753
81978
76180
54946
29055
98101
99250
80846
36890
77117
40856
20925
63086
67950
19103
73362
89400
65170
64393
91957
52910
27707
75758
40155
86257
68004
69767
52617
53837
14592
94485
38737
37446
38222
38596
28411
44153
98281
54638
96863
48141
48449
11068
13561
9478
80699
26924
31881
22574
44528
18469
10065
84719
98651
79142
5294
39229
67501
82836
58925
27325
37274
30754
81349
50558
85227
43281
35519
57120
69537
13557
7695
81290
6843
9431
39538
10526
2376
4093
4784
47502
19895
89637
97631
31633
84120
48604
43443
95099
37755
24441
1898
39612
57069
72088
48696
34308
94186
87642
80294
74481
65122
41710
85379
78695
56126
42875
93332
4205
6292
50562
95621
34927
5049
68468
16168
3939
25985
64663
51468
593
49772
57257
10704
81536
76313
45731
99132
20786
47973
87090
71935
14955
69265
60803
77603
33456
41560
74132
41751
95803
71001
22788
94296
7199
15242
8265
61200
51948
98854
57765
19867
65929
46086
73261
9793
3744
66942
55735
47218
99672
17017
38298
53248
98507
9312
7308
45094
34869
3017
76313
44063
27197
20637
30370
75415
66212
89795
71879
73409
78542
37153
70832
2604
18491
71238
45176
35431
15404
95773
32099
54761
51948
6696
38907
63167
26551
38697
93446
27209
82541
93253
87663
73561
72227
95076
21573
57283
17736
94997
47503
99958
69745
62732
74857
84049
15752
85650
96217
88799
22020
68428
86156
52947
96814
17942
71919
79192
16604
16125
60875
57454
6819
96659
55824
19784
67890
40192
91591
63602
68863
48652
42231
60162
19054
77322
58405
35868
53982
96619
99691
27766
89194
75001
86017
7242
58089
2211
39745
4818
61868
30282
54483
15825
15449
81333
73247
23169
25023
63932
85760
70567
21263
93045
47341
84486
50662
38758
68676
49499
86609
84470
63673
19872
83177
48430
43998
57974
28120
85637
99154
33211
34129
62367
76502
4765
30547
41162
71782
22917
55462
67778
26881
94897
8396
40854
67786
34508
38905
5936
72439
88817
19263
90263
67096
8142
73021
90641
12291
7321
58398
50259
7850
22794
17360
22722
5623
17495
94847
13108
82438
76500
88921
90530
71949
72551
75432
69560
86552
42754
20118
89284
85772
50
62183
33616
36871
75867
69521
59180
83378
1768
36895
81534
30488
46091
1617
3359
12640
73156
17796
50959
48094
23132
23108
31146
28338
56479
3627
68970
99908
21594
15607
82521
60559
1287
77906
97999
76751
75466
15056
38671
19171
55071
10755
32816
17804
18174
83363
66449
78434
88152
90467
61188
56402
54075
51588
96723
4303
37243
83292
79298
34372
44051
48766
39883
56159
84765
68204
46954
88929
52581
81714
55429
41810
74444
57278
1055
55413
93879
40557
56771
39962
40042
74331
93522
80549
67490
20058
86172
45801
23736
7007
9009
14712
567
18629
10781
98935
21160
71417
84791
18172
87597
60711
16955
35724
6654
35595
71480
20612
70103
10668
76804
5652
38808
15246
4043
2083
15803
90603
568
35320
26810
81777
17246
28233
70132
30095
99747
37183
38596
46303
50940
67416
47019
61595
90512
70048
79896
35462
50563
53256
45927
51401
73201
16486
13743
39342
49842
84264
32759
85684
27944
55121
93064
43573
7024
37469
90792
14179
23321
3972
23291
31911
32807
45657
36657
34531
35885
26951
32132
24625
69682
28587
85571
66536
9643
68681
56768
33295
92900
17865
23999
63011
55787
60459
56647
73951
61982
39321
29763
76171
47209
28086
22827
73787
81891
23959
63158
3157
51417
72441
82123
40592
40293
48622
67570
339
19965
31411
99685
69898
67308
15393
27103
5998
1477
18510
91610
44366
55760
95950
4096
60375
26703
25448
48627
93093
71988
34838
35624
56109
86023
66951
29750
28257
89712
54594
21020
84575
96457
85058
80312
49458
74871
11472
38078
64347
44320
20143
77067
56308
6976
92316
10907
97173
98935
81080
28150
29634
35221
9197
99814
75062
10322
11564
27634
24117
53395
9075
91707
84026
88111
51229
2225
99204
79309
87082
87039
76495
47571
49151
62491
40169
21799
69994
88578
98190
58363
9167
33538
34879
60783
68908
52773
41884
96949
21739
67633
17406
91287
23413
62545
47028
89865
16776
45211
30682
93659
17199
99428
7069
118
88967
45704
59680
1041
35282
35081
84877
67802
70427
42750
47774
85758
35833
47085
95519
82288
3876
37192
17498
1750
72711
3163
32878
52384
51180
31260
71598
96236
32104
43806
83807
73666
40601
41452
82838
46937
59912
20691
99821
42804
57216
9458
68484
36230
15041
29950
24604
77172
59750
75407
50227
23844
99898
42312
30683
75971
3150
42981
65871
65751
60598
48701
9208
56969
50787
81213
85658
29061
8265
25863
91295
19917
71622
35464
5404
6759
58954
43779
12953
96328
3445
40625
36294
4265
47608
39595
73854
24312
65064
62958
32822
45131
18727
80926
95667
14795
16277
7973
17283
22206
56120
34046
98748
21347
43142
85126
98827
89087
30106
77478
35106
44830
59410
6458
32356
86909
467
5372
69249
63084
50657
29284
39179
80224
76753
55792
50756
1491
76755
82091
62023
46627
17677
45250
89180
39112
90081
44013
84787
99773
10889
35061
69484
97199
39345
35122
18278
7510
49311
30633
66038
26661
485
32308
661
42744
837
98058
74032
72549
44685
49026
73954
54222
27481
89920
35330
25856
99264
17534
92314
80245
38542
64989
59958
49701
29219
57653
32882
12990
16472
3451
22450
86810
67989
8904
32416
25503
12223
45022
56482
56866
41967
14046
59535
83168
373
79036
29057
87477
23228
32012
23790
65475
2989
67152
72572
40795
41535
92601
60323
71162
50607
43053
30141
34400
15296
3545
56344
15082
95982
79371
47711
49622
77456
71081
13095
71441
59395
19866
52718
14634
84147
40626
36440
18265
82226
50232
36725
2687
62410
44209
88899
9093
90406
42406
50504
54675
505
91162
32706
70758
7497
64529
61096
63868
68167
80900
30052
30802
44794
93868
16855
39632
75951
1426
57146
41501
85872
17427
58145
97720
49986
37840
37308
45448
67381
49115
44098
37430
49307
83214
58832
99946
60412
47755
16907
22472
32672
41185
70979
92020
52191
44983
65097
59430
1666
3824
86209
60482
95646
87694
7932
96898
55145
59813
27346
20357
99944
6804
54093
26288
75710
33170
34848
91630
21139
72184
64014
13428
55158
74722
88802
18421
63686
76053
72433
28878
25502
86553
7306
81733
70110
4521
3729
50282
23465
64694
59944
60505
28147
93432
78036
88103
31224
46454
21515
51610
4584
19772
85820
94594
76317
12759
62900
70580
39506
37399
27404
84882
35141
36349
23856
99480
51041
6750
79476
80103
9197
11121
6255
30638
29943
68607
55424
14091
57533
23007
18930
11198
97372
33686
2659
89961
36419
90555
76401
55283
98771
2907
54993
25477
46325
92189
57132
17215
78065
16903
82214
13564
99106
7689
21938
58269
99752
56017
35238
39034
38536
67695
49785
79655
49648
40889
69670
5397
53760
1288
37083
36297
22429
71350
56689
18564
97973
51793
85869
30698
27272
63159
4962
22977
79184
72571
79972
9173
42119
72466
25275
14884
66153
23422
10602
69368
68417
41949
16276
49657
15762
84270
86748
2954
83656
44709
20835
61442
76739
30126
45778
78904
78651
55291
86920
66940
50370
57876
66393
16320
51604
20670
53667
8628
36885
17053
19307
94177
67386
96491
78164
84705
76920
47961
85984
63138
1804
63986
56663
68303
7599
56189
82599
77032
9014
7996
87768
1182
43893
20321
61171
4552
3646
23657
17660
14355
80280
11589
39927
243
2193
56324
2904
4876
68045
97736
74931
48139
23149
7676
28118
34142
20614
45137
71641
69856
10886
94181
602
27527
53846
79734
24684
65124
33333
59293
6801
60512
1779
48327
37188
89023
20912
82147
15836
60806
70002
52443
50381
37744
40147
19618
17639
74443
75353
68097
91402
80677
82248
91527
12070
97486
10771
59984
29747
9803
27504
44900
77140
815
95363
86509
98088
94848
25594
33123
96932
10569
27342
40976
89206
38065
45847
40704
54306
15788
23140
44254
26325
37465
54929
22188
87410
11692
37930
39434
68283
6824
1294
63943
1868
81534
61823
47374
19182
14462
1761
62918
38723
93904
21051
65963
37631
81309
71511
61072
46603
93806
50740
74559
50655
5537
59606
29291
84628
88388
70419
86364
15461
24027
5287
3331
43465
87493
87471
47415
31537
22220
21802
38387
37262
71597
12863
44229
82686
42608
11391
77442
5193
24904
70570
53832
70946
48877
34322
68641
99983
15165
31280
78014
32753
27866
98706
33516
42307
81078
15877
91640
16743
76833
78771
87450
73674
70999
78211
45134
67120
44420
89061
33691
77615
47747
67345
54297
70527
1457
84038
45442
81441
35721
98831
35087
82972
42676
35825
86198
77415
91432
21384
85193
21739
58895
66305
11697
74640
37015
63030
54716
78039
24798
